  1.000000000000E+00   1.280227E+15   8.000333E-02   1.000000E+00   8.000333E-02   0.000000E+00   9.199967E-01   5.320811E-01   1.000000E+00
  2.305312272758E+05   1.227808E+15   7.925978E-02   1.000000E+00   7.925978E-02   0.000000E+00   9.207402E-01   5.415315E-01   1.021322E+00
  3.231976970952E+05   1.178005E+15   7.855031E-02   1.000000E+00   7.855031E-02   0.000000E+00   9.214497E-01   5.507058E-01   1.042148E+00
  3.923886173525E+05   1.130259E+15   7.786459E-02   1.000000E+00   7.786459E-02   0.000000E+00   9.221354E-01   5.595979E-01   1.062423E+00
  4.491773689966E+05   1.083673E+15   7.720038E-02   1.000000E+00   7.720038E-02   0.000000E+00   9.227996E-01   5.682099E-01   1.082089E+00
  4.978489707272E+05   1.042641E+15   7.700000E-02   1.000000E+00   7.700000E-02   0.000000E+00   9.230000E-01   5.765345E-01   1.101115E+00
  5.405071316245E+05   1.004469E+15   7.691475E-02   1.000000E+00   7.691475E-02   0.000000E+00   9.230853E-01   5.845477E-01   1.119493E+00
  5.785426615232E+05   9.665004E+14   7.631647E-02   1.000000E+00   7.631647E-02   0.000000E+00   9.236835E-01   5.922564E-01   1.137164E+00
  6.128752832464E+05   9.303912E+14   7.573869E-02   1.000000E+00   7.573869E-02   0.000000E+00   9.242613E-01   5.996667E-01   1.154090E+00
  6.441206431332E+05   8.960902E+14   7.518392E-02   1.000000E+00   7.518392E-02   0.000000E+00   9.248161E-01   6.067783E-01   1.170254E+00
  6.727488737510E+05   8.628052E+14   7.464436E-02   1.000000E+00   7.464436E-02   0.000000E+00   9.253556E-01   6.135958E-01   1.185637E+00
  6.991288051712E+05   8.306378E+14   7.411234E-02   1.000000E+00   7.411234E-02   0.000000E+00   9.258877E-01   6.201270E-01   1.200225E+00
  7.235335633753E+05   8.007057E+14   7.400000E-02   1.000000E+00   7.400000E-02   0.000000E+00   9.260000E-01   6.263754E-01   1.214017E+00
  7.461689588009E+05   7.721197E+14   7.400000E-02   1.000000E+00   7.400000E-02   0.000000E+00   9.260000E-01   6.323420E-01   1.227024E+00
  7.672236743913E+05   7.446241E+14   7.365760E-02   1.000000E+00   7.365760E-02   0.000000E+00   9.263424E-01   6.380341E-01   1.239251E+00
  7.868551526476E+05   7.181307E+14   7.319812E-02   1.000000E+00   7.319812E-02   0.000000E+00   9.268019E-01   6.434595E-01   1.250708E+00
  8.051957502304E+05   6.929361E+14   7.276097E-02   1.000000E+00   7.276097E-02   0.000000E+00   9.272390E-01   6.486259E-01   1.261410E+00
  8.223502496397E+05   6.688862E+14   7.234073E-02   1.000000E+00   7.234073E-02   0.000000E+00   9.276593E-01   6.535389E-01   1.271380E+00
  8.384184490940E+05   6.456276E+14   7.192646E-02   1.000000E+00   7.192646E-02   0.000000E+00   9.280735E-01   6.582072E-01   1.280641E+00
  8.534920763685E+05   6.229982E+14   7.153770E-02   1.000000E+00   7.153770E-02   0.000000E+00   9.284623E-01   6.626410E-01   1.289213E+00
  8.676503950343E+05   6.011619E+14   7.114895E-02   1.000000E+00   7.114895E-02   0.000000E+00   9.288511E-01   6.668497E-01   1.297123E+00
  8.809583968686E+05   5.806552E+14   7.056774E-02   1.000000E+00   7.056774E-02   0.000000E+00   9.294323E-01   6.708413E-01   1.304402E+00
  8.934636543906E+05   5.611868E+14   6.986701E-02   1.000000E+00   6.986701E-02   0.000000E+00   9.301330E-01   6.746206E-01   1.311087E+00
  9.052211970700E+05   5.423712E+14   6.916627E-02   1.000000E+00   6.916627E-02   0.000000E+00   9.308337E-01   6.781965E-01   1.317208E+00
  9.162819901270E+05   5.242005E+14   6.850868E-02   1.000000E+00   6.850868E-02   0.000000E+00   9.314913E-01   6.815780E-01   1.322797E+00
  9.266921687507E+05   5.066429E+14   6.786451E-02   1.000000E+00   6.786451E-02   0.000000E+00   9.321355E-01   6.847742E-01   1.327883E+00
  9.364940253169E+05   4.896733E+14   6.722035E-02   1.000000E+00   6.722035E-02   0.000000E+00   9.327797E-01   6.877936E-01   1.332498E+00
  9.457261106305E+05   4.732986E+14   6.662200E-02   1.000000E+00   6.662200E-02   0.000000E+00   9.333780E-01   6.906448E-01   1.336671E+00
  9.544234638240E+05   4.574849E+14   6.604749E-02   1.000000E+00   6.604749E-02   0.000000E+00   9.339525E-01   6.933358E-01   1.340434E+00
  9.626188572011E+05   4.421996E+14   6.547297E-02   1.000000E+00   6.547297E-02   0.000000E+00   9.345270E-01   6.958746E-01   1.343815E+00
  9.703425345199E+05   4.274807E+14   6.486599E-02   1.000000E+00   6.486599E-02   0.000000E+00   9.351340E-01   6.982689E-01   1.346842E+00
  9.776192448120E+05   4.135032E+14   6.410780E-02   1.000000E+00   6.410780E-02   0.000000E+00   9.358922E-01   7.005251E-01   1.349545E+00
  9.844737099813E+05   3.999828E+14   6.334962E-02   1.000000E+00   6.334962E-02   0.000000E+00   9.366504E-01   7.026499E-01   1.351950E+00
  9.909307146607E+05   3.869044E+14   6.259143E-02   1.000000E+00   6.259143E-02   0.000000E+00   9.374086E-01   7.046502E-01   1.354080E+00
  9.970134757157E+05   3.742069E+14   6.180367E-02   1.000000E+00   6.180367E-02   0.000000E+00   9.381963E-01   7.065330E-01   1.355960E+00
  1.002745756319E+06   3.617659E+14   6.091096E-02   1.000000E+00   6.091096E-02   0.000000E+00   9.390890E-01   7.083052E-01   1.357610E+00
  1.008148542272E+06   3.497385E+14   6.001826E-02   1.000000E+00   6.001826E-02   0.000000E+00   9.399817E-01   7.099731E-01   1.359049E+00
  1.013240548680E+06   3.381110E+14   5.912555E-02   1.000000E+00   5.912555E-02   0.000000E+00   9.408744E-01   7.115426E-01   1.360297E+00
  1.018039352604E+06   3.268700E+14   5.823285E-02   1.000000E+00   5.823285E-02   0.000000E+00   9.417672E-01   7.130191E-01   1.361373E+00
  1.022561543619E+06   3.159909E+14   5.728461E-02   1.000000E+00   5.728461E-02   0.000000E+00   9.427154E-01   7.144078E-01   1.362292E+00
  1.026822824270E+06   3.054698E+14   5.631679E-02   1.000000E+00   5.631679E-02   0.000000E+00   9.436832E-01   7.157137E-01   1.363070E+00
  1.030837841014E+06   2.952990E+14   5.534896E-02   1.000000E+00   5.534896E-02   0.000000E+00   9.446510E-01   7.169415E-01   1.363722E+00
  1.034620398237E+06   2.854668E+14   5.438114E-02   1.000000E+00   5.438114E-02   0.000000E+00   9.456189E-01   7.180957E-01   1.364261E+00
  1.038183522748E+06   2.759620E+14   5.341331E-02   1.000000E+00   5.341331E-02   0.000000E+00   9.465867E-01   7.191805E-01   1.364700E+00
  1.041540091314E+06   2.666087E+14   5.232508E-02   1.000000E+00   5.232508E-02   0.000000E+00   9.476749E-01   7.202001E-01   1.365048E+00
  1.044704185568E+06   2.574537E+14   5.114710E-02   1.000000E+00   5.114710E-02   0.000000E+00   9.488529E-01   7.211591E-01   1.365314E+00
  1.047686758605E+06   2.486131E+14   4.996912E-02   1.000000E+00   4.996912E-02   0.000000E+00   9.500309E-01   7.220609E-01   1.365509E+00
  1.050497855156E+06   2.400760E+14   4.879114E-02   1.000000E+00   4.879114E-02   0.000000E+00   9.512089E-01   7.229090E-01   1.365641E+00
  1.053146977969E+06   2.318321E+14   4.761316E-02   1.000000E+00   4.761316E-02   0.000000E+00   9.523868E-01   7.237064E-01   1.365717E+00
  1.055643119254E+06   2.238713E+14   4.643518E-02   1.000000E+00   4.643518E-02   0.000000E+00   9.535648E-01   7.244560E-01   1.365745E+00
  1.057995421511E+06   2.159951E+14   4.542763E-02   1.000000E+00   4.542763E-02   0.000000E+00   9.545724E-01   7.251608E-01   1.365731E+00
  1.060214114346E+06   2.082893E+14   4.451993E-02   1.000000E+00   4.451993E-02   0.000000E+00   9.554801E-01   7.258242E-01   1.365679E+00
  1.062307090834E+06   2.006863E+14   4.364541E-02   1.000000E+00   4.364541E-02   0.000000E+00   9.563546E-01   7.264486E-01   1.365595E+00
  1.064284154680E+06   1.931385E+14   4.281541E-02   1.000000E+00   4.281541E-02   0.000000E+00   9.571846E-01   7.270372E-01   1.365482E+00
  1.066152127755E+06   1.858756E+14   4.198603E-02   1.000000E+00   4.198603E-02   0.000000E+00   9.580140E-01   7.275921E-01   1.365343E+00
  1.067916556671E+06   1.789378E+14   4.119230E-02   1.000000E+00   4.119230E-02   0.000000E+00   9.588077E-01   7.281152E-01   1.365184E+00
  1.069582745517E+06   1.722590E+14   4.039856E-02   1.000000E+00   4.039856E-02   0.000000E+00   9.596014E-01   7.286082E-01   1.365008E+00
  1.071156375254E+06   1.656578E+14   3.962319E-02   1.000000E+00   3.962319E-02   0.000000E+00   9.603768E-01   7.290729E-01   1.364819E+00
  1.072644728375E+06   1.591432E+14   3.886634E-02   1.000000E+00   3.886634E-02   0.000000E+00   9.611337E-01   7.295116E-01   1.364616E+00
  1.074052651485E+06   1.528847E+14   3.810948E-02   1.000000E+00   3.810948E-02   0.000000E+00   9.618905E-01   7.299259E-01   1.364405E+00
  1.075384121744E+06   1.469328E+14   3.737291E-02   1.000000E+00   3.737291E-02   0.000000E+00   9.626271E-01   7.303169E-01   1.364185E+00
  1.076643827426E+06   1.407346E+14   3.664459E-02   1.000000E+00   3.664459E-02   0.000000E+00   9.633554E-01   7.306862E-01   1.363961E+00
  1.077841792320E+06   1.343373E+14   3.586960E-02   1.000000E+00   3.586960E-02   0.000000E+00   9.641304E-01   7.310368E-01   1.363729E+00
  1.078986036525E+06   1.262200E+14   3.517732E-02   5.433545E+02   4.926080E+01   3.880115E-01   6.119885E-01   7.313712E-01   1.363489E+00
  1.080091619513E+06   1.195361E+14   3.458060E-02   4.097978E+02   4.245084E+01   3.338227E-01   6.661773E-01   7.316937E-01   1.363237E+00
  1.081154624106E+06   1.125662E+14   3.404674E-02   3.508544E+02   3.990888E+01   2.993181E-01   7.006819E-01   7.320033E-01   1.362977E+00
  1.082184522840E+06   1.056397E+14   3.364081E-02   3.182761E+02   3.886485E+01   2.754949E-01   7.245051E-01   7.323028E-01   1.362708E+00
  1.083175357422E+06   9.967540E+13   3.325218E-02   2.962073E+02   3.840163E+01   2.564875E-01   7.435125E-01   7.325904E-01   1.362434E+00
  1.084133671727E+06   9.342368E+13   3.295905E-02   2.809622E+02   3.830556E+01   2.417468E-01   7.582532E-01   7.328682E-01   1.362155E+00
  1.085061036476E+06   8.771308E+13   3.270202E-02   2.699930E+02   3.841969E+01   2.298123E-01   7.701877E-01   7.331366E-01   1.361872E+00
  1.085958913253E+06   8.219829E+13   3.246437E-02   2.619437E+02   3.866686E+01   2.199258E-01   7.800742E-01   7.333961E-01   1.361586E+00
  1.086829502335E+06   7.691637E+13   3.239476E-02   2.556443E+02   3.898111E+01   2.124499E-01   7.875501E-01   7.336473E-01   1.361298E+00
  1.087674728030E+06   7.188023E+13   3.240436E-02   2.504906E+02   3.933814E+01   2.063389E-01   7.936611E-01   7.338908E-01   1.361008E+00
  1.088496343087E+06   6.712626E+13   3.244124E-02   2.458618E+02   3.971415E+01   2.008368E-01   7.991632E-01   7.341271E-01   1.360717E+00
  1.089296464733E+06   6.248744E+13   3.253030E-02   2.420331E+02   4.010606E+01   1.963147E-01   8.036853E-01   7.343570E-01   1.360424E+00
  1.090076793239E+06   5.817768E+13   3.260323E-02   2.386918E+02   4.047937E+01   1.922491E-01   8.077509E-01   7.345808E-01   1.360130E+00
  1.090837687194E+06   5.416841E+13   3.266399E-02   2.355503E+02   4.084505E+01   1.883707E-01   8.116293E-01   7.347987E-01   1.359837E+00
  1.091580073092E+06   5.036439E+13   3.293755E-02   2.326471E+02   4.118766E+01   1.860466E-01   8.139534E-01   7.350111E-01   1.359543E+00
  1.092305045815E+06   4.681596E+13   3.323324E-02   2.297766E+02   4.152581E+01   1.838910E-01   8.161090E-01   7.352181E-01   1.359251E+00
  1.093013721648E+06   4.344068E+13   3.349465E-02   2.270418E+02   4.182737E+01   1.818112E-01   8.181888E-01   7.354203E-01   1.358959E+00
  1.093707034305E+06   4.030577E+13   3.377070E-02   2.243221E+02   4.212332E+01   1.798414E-01   8.201586E-01   7.356178E-01   1.358669E+00
  1.094385537667E+06   3.737838E+13   3.414385E-02   2.217044E+02   4.238140E+01   1.786124E-01   8.213876E-01   7.358108E-01   1.358380E+00
  1.095049625373E+06   3.467433E+13   3.452793E-02   2.191285E+02   4.261015E+01   1.775645E-01   8.224355E-01   7.359994E-01   1.358094E+00
  1.095699287331E+06   3.217579E+13   3.492407E-02   2.165940E+02   4.280979E+01   1.766966E-01   8.233034E-01   7.361837E-01   1.357809E+00
  1.096334771043E+06   2.985728E+13   3.532796E-02   2.140595E+02   4.300942E+01   1.758286E-01   8.241714E-01   7.363638E-01   1.357528E+00
  1.096956369105E+06   2.770592E+13   3.574436E-02   2.115309E+02   4.320592E+01   1.750000E-01   8.250000E-01   7.365397E-01   1.357250E+00
  1.097564347661E+06   2.571111E+13   3.626473E-02   2.091255E+02   4.333645E+01   1.750000E-01   8.250000E-01   7.367115E-01   1.356975E+00
  1.098158971776E+06   2.385992E+13   3.679720E-02   2.067201E+02   4.346697E+01   1.750000E-01   8.250000E-01   7.368794E-01   1.356703E+00
  1.098740518709E+06   2.214202E+13   3.734222E-02   2.043147E+02   4.359750E+01   1.750000E-01   8.250000E-01   7.370434E-01   1.356436E+00
  1.099309202028E+06   2.056231E+13   3.791805E-02   2.019653E+02   4.371360E+01   1.751888E-01   8.248112E-01   7.372035E-01   1.356172E+00
  1.099864344072E+06   1.912812E+13   3.855125E-02   1.997523E+02   4.379460E+01   1.758368E-01   8.241632E-01   7.373597E-01   1.355913E+00
  1.100405919183E+06   1.779395E+13   3.919917E-02   1.975393E+02   4.387560E+01   1.764848E-01   8.235152E-01   7.375118E-01   1.355659E+00
  1.100934257453E+06   1.654825E+13   3.987695E-02   1.953633E+02   4.394892E+01   1.772624E-01   8.227376E-01   7.376601E-01   1.355410E+00
  1.101450127836E+06   1.537320E+13   4.062746E-02   1.933304E+02   4.399245E+01   1.785426E-01   8.214574E-01   7.378047E-01   1.355166E+00
  1.101954026598E+06   1.428159E+13   4.139450E-02   1.912976E+02   4.403597E+01   1.798227E-01   8.201773E-01   7.379459E-01   1.354926E+00
  1.102446217820E+06   1.326749E+13   4.217861E-02   1.892647E+02   4.407950E+01   1.811028E-01   8.188972E-01   7.380836E-01   1.354690E+00
  1.102926945877E+06   1.232801E+13   4.301747E-02   1.873003E+02   4.411403E+01   1.826445E-01   8.173555E-01   7.382179E-01   1.354459E+00
  1.103396227433E+06   1.146077E+13   4.396157E-02   1.854961E+02   4.412749E+01   1.847986E-01   8.152014E-01   7.383489E-01   1.354233E+00
  1.103854242749E+06   1.065454E+13   4.492453E-02   1.836920E+02   4.414096E+01   1.869528E-01   8.130472E-01   7.384767E-01   1.354012E+00
  1.104301250089E+06   9.905025E+12   4.590691E-02   1.818879E+02   4.415442E+01   1.891070E-01   8.108930E-01   7.386012E-01   1.353795E+00
  1.104737509355E+06   9.207727E+12   4.703090E-02   1.801931E+02   4.416000E+01   1.919077E-01   8.080923E-01   7.387227E-01   1.353584E+00
  1.105163297440E+06   8.559182E+12   4.826263E-02   1.785757E+02   4.416000E+01   1.951661E-01   8.048339E-01   7.388411E-01   1.353376E+00
  1.105578858391E+06   7.956318E+12   4.951687E-02   1.769584E+02   4.416000E+01   1.984245E-01   8.015755E-01   7.389566E-01   1.353174E+00
  1.105984433684E+06   7.394853E+12   5.082249E-02   1.753764E+02   4.415659E+01   2.018513E-01   7.981487E-01   7.390692E-01   1.352975E+00
  1.106380433358E+06   6.869286E+12   5.225774E-02   1.739277E+02   4.414035E+01   2.059129E-01   7.940871E-01   7.391790E-01   1.352782E+00
  1.106767157558E+06   6.381072E+12   5.371633E-02   1.724791E+02   4.412410E+01   2.099746E-01   7.900254E-01   7.392862E-01   1.352592E+00
  1.107144814757E+06   5.927556E+12   5.519886E-02   1.710304E+02   4.410785E+01   2.140363E-01   7.859637E-01   7.393908E-01   1.352407E+00
  1.107513723829E+06   5.499596E+12   5.692565E-02   1.696578E+02   4.408874E+01   2.190555E-01   7.809445E-01   7.394929E-01   1.352225E+00
  1.107874713842E+06   5.096743E+12   5.888565E-02   1.683564E+02   4.406695E+01   2.249708E-01   7.750292E-01   7.395927E-01   1.352048E+00
  1.108228045528E+06   4.723399E+12   6.087464E-02   1.670551E+02   4.404516E+01   2.308861E-01   7.691139E-01   7.396903E-01   1.351874E+00
  1.108573906276E+06   4.374689E+12   6.300809E-02   1.657888E+02   4.402207E+01   2.372908E-01   7.627092E-01   7.397858E-01   1.351703E+00
  1.108912939176E+06   4.045988E+12   6.543519E-02   1.646026E+02   4.399603E+01   2.448130E-01   7.551870E-01   7.398794E-01   1.351536E+00
  1.109245437090E+06   3.741984E+12   6.789512E-02   1.634164E+02   4.396999E+01   2.523351E-01   7.476649E-01   7.399710E-01   1.351372E+00
  1.109571520571E+06   3.460822E+12   7.038861E-02   1.622302E+02   4.394396E+01   2.598573E-01   7.401427E-01   7.400608E-01   1.351211E+00
  1.109891892291E+06   3.186965E+12   7.348589E-02   1.611194E+02   4.391227E+01   2.696285E-01   7.303715E-01   7.401490E-01   1.351053E+00
  1.110207661477E+06   2.932504E+12   7.672453E-02   1.600220E+02   4.387956E+01   2.798026E-01   7.201974E-01   7.402359E-01   1.350897E+00
  1.110518914985E+06   2.697222E+12   8.007824E-02   1.589316E+02   4.384702E+01   2.902584E-01   7.097416E-01   7.403215E-01   1.350743E+00
  1.110826504390E+06   2.470974E+12   8.417851E-02   1.579070E+02   4.381597E+01   3.033683E-01   6.966317E-01   7.404060E-01   1.350591E+00
  1.111131017805E+06   2.263704E+12   8.832715E-02   1.568824E+02   4.378492E+01   3.164782E-01   6.835218E-01   7.404896E-01   1.350440E+00
  1.111432541470E+06   2.069768E+12   9.280769E-02   1.558573E+02   4.375280E+01   3.306018E-01   6.693982E-01   7.405723E-01   1.350291E+00
  1.111733054204E+06   1.877459E+12   9.849675E-02   1.548303E+02   4.371631E+01   3.488466E-01   6.511534E-01   7.406547E-01   1.350142E+00
  1.112033643906E+06   1.697837E+12   1.047513E-01   1.538084E+02   4.367839E+01   3.688696E-01   6.311304E-01   7.407371E-01   1.349993E+00
  1.112336620886E+06   1.523362E+12   1.123725E-01   1.527995E+02   4.363678E+01   3.934860E-01   6.065140E-01   7.408201E-01   1.349843E+00
  1.112642871759E+06   1.366816E+12   1.200816E-01   1.517906E+02   4.359518E+01   4.181024E-01   5.818976E-01   7.409039E-01   1.349692E+00
  1.112952808643E+06   1.218915E+12   1.291250E-01   1.507837E+02   4.355349E+01   4.470355E-01   5.529645E-01   7.409886E-01   1.349538E+00
  1.113270072594E+06   1.076922E+12   1.401929E-01   1.497799E+02   4.351166E+01   4.825851E-01   5.174149E-01   7.410754E-01   1.349381E+00
  1.113596450652E+06   9.431671E+11   1.533128E-01   1.487269E+02   4.346755E+01   5.245690E-01   4.754310E-01   7.411645E-01   1.349220E+00
  1.113937605774E+06   8.123198E+11   1.701109E-01   1.476162E+02   4.341386E+01   5.784127E-01   4.215873E-01   7.412576E-01   1.349051E+00
  1.114299635795E+06   6.892368E+11   1.908460E-01   1.464726E+02   4.336306E+01   6.446435E-01   3.553565E-01   7.413563E-01   1.348872E+00
  1.114691110897E+06   5.709825E+11   2.184278E-01   1.452149E+02   4.330052E+01   7.325312E-01   2.674688E-01   7.414630E-01   1.348679E+00
  1.115124720197E+06   4.629768E+11   2.537311E-01   1.438369E+02   4.323598E+01   8.441091E-01   1.558909E-01   7.415810E-01   1.348465E+00
  1.115612386845E+06   3.735602E+11   2.935347E-01   1.422691E+02   4.314545E+01   9.679098E-01   3.209022E-02   7.417137E-01   1.348224E+00
  1.116137255789E+06   3.340376E+11   3.150420E-01   1.224985E+02   3.859219E+01   1.000000E+00   0.000000E+00   7.418563E-01   1.347965E+00
  1.116657648828E+06   3.067920E+11   3.205683E-01   1.206891E+02   3.868909E+01   1.000000E+00   0.000000E+00   7.419975E-01   1.347709E+00
  1.117172018527E+06   2.816535E+11   3.247424E-01   1.214351E+02   3.943515E+01   1.000000E+00   0.000000E+00   7.421369E-01   1.347456E+00
  1.117680256037E+06   2.593289E+11   3.278689E-01   1.220000E+02   4.000000E+01   1.000000E+00   0.000000E+00   7.422745E-01   1.347207E+00
  1.118178338657E+06   2.409512E+11   3.278689E-01   1.220000E+02   4.000000E+01   1.000000E+00   0.000000E+00   7.424092E-01   1.346963E+00
  1.118664774914E+06   2.238759E+11   3.278689E-01   1.220000E+02   4.000000E+01   1.000000E+00   0.000000E+00   7.425407E-01   1.346725E+00
  1.119139935523E+06   2.072880E+11   3.289507E-01   1.221967E+02   4.019669E+01   1.000000E+00   0.000000E+00   7.426689E-01   1.346492E+00
  1.119611740543E+06   1.874915E+11   3.371892E-01   1.237156E+02   4.171555E+01   1.000000E+00   0.000000E+00   7.427961E-01   1.346262E+00
  1.120084309131E+06   1.702116E+11   3.409366E-01   8.768181E+01   2.989394E+01   1.000000E+00   0.000000E+00   7.429234E-01   1.346032E+00
  1.120555647885E+06   1.551901E+11   3.471530E-01   7.658762E+01   2.658762E+01   1.000000E+00   0.000000E+00   7.430503E-01   1.345802E+00
  1.121024202035E+06   1.416671E+11   3.538651E-01   7.738322E+01   2.738322E+01   1.000000E+00   0.000000E+00   7.431762E-01   1.345574E+00
  1.121489695836E+06   1.298563E+11   3.589744E-01   7.800000E+01   2.800000E+01   1.000000E+00   0.000000E+00   7.433012E-01   1.345348E+00
  1.121946482976E+06   1.207330E+11   3.589744E-01   7.800000E+01   2.800000E+01   1.000000E+00   0.000000E+00   7.434238E-01   1.345126E+00
  1.122392247162E+06   1.122507E+11   3.589744E-01   7.800000E+01   2.800000E+01   1.000000E+00   0.000000E+00   7.435432E-01   1.344910E+00
  1.122827245663E+06   1.043446E+11   3.589744E-01   7.800000E+01   2.800000E+01   1.000000E+00   0.000000E+00   7.436597E-01   1.344700E+00
  1.123252275651E+06   9.679501E+10   3.589744E-01   7.800000E+01   2.800000E+01   1.000000E+00   0.000000E+00   7.437734E-01   1.344494E+00
  1.123667950620E+06   8.979161E+10   3.589744E-01   7.800000E+01   2.800000E+01   1.000000E+00   0.000000E+00   7.438845E-01   1.344294E+00
  1.124074466508E+06   8.329503E+10   3.589744E-01   7.800000E+01   2.800000E+01   1.000000E+00   0.000000E+00   7.439931E-01   1.344098E+00
  1.124471720988E+06   7.738343E+10   3.589744E-01   7.800000E+01   2.800000E+01   1.000000E+00   0.000000E+00   7.440991E-01   1.343906E+00
  1.124859626595E+06   7.189138E+10   3.589744E-01   7.800000E+01   2.800000E+01   1.000000E+00   0.000000E+00   7.442025E-01   1.343720E+00
  1.125238394097E+06   6.678912E+10   3.589744E-01   7.800000E+01   2.800000E+01   1.000000E+00   0.000000E+00   7.443034E-01   1.343537E+00
  1.125608326534E+06   6.201189E+10   3.589744E-01   7.800000E+01   2.800000E+01   1.000000E+00   0.000000E+00   7.444019E-01   1.343360E+00
  1.125969770965E+06   5.757165E+10   3.589744E-01   7.800000E+01   2.800000E+01   1.000000E+00   0.000000E+00   7.444980E-01   1.343186E+00
  1.126322916013E+06   5.344935E+10   3.589744E-01   7.800000E+01   2.800000E+01   1.000000E+00   0.000000E+00   7.445918E-01   1.343017E+00
  1.126669539279E+06   4.901985E+10   3.638321E-01   7.859561E+01   2.859561E+01   1.000000E+00   0.000000E+00   7.446839E-01   1.342851E+00
  1.127013519131E+06   4.478322E+10   3.701229E-01   7.938056E+01   2.938056E+01   1.000000E+00   0.000000E+00   7.447752E-01   1.342687E+00
  1.127354907401E+06   4.105754E+10   3.750000E-01   8.000000E+01   3.000000E+01   1.000000E+00   0.000000E+00   7.448657E-01   1.342524E+00
  1.127689968997E+06   3.814279E+10   3.750000E-01   8.000000E+01   3.000000E+01   1.000000E+00   0.000000E+00   7.449545E-01   1.342364E+00
  1.128017099102E+06   3.543497E+10   3.750000E-01   8.000000E+01   3.000000E+01   1.000000E+00   0.000000E+00   7.450411E-01   1.342208E+00
  1.128336478904E+06   3.291941E+10   3.750000E-01   8.000000E+01   3.000000E+01   1.000000E+00   0.000000E+00   7.451256E-01   1.342055E+00
  1.128648283848E+06   3.058273E+10   3.750000E-01   8.000000E+01   3.000000E+01   1.000000E+00   0.000000E+00   7.452080E-01   1.341907E+00
  1.128952686230E+06   2.841192E+10   3.750000E-01   8.000000E+01   3.000000E+01   1.000000E+00   0.000000E+00   7.452885E-01   1.341762E+00
  1.129249856108E+06   2.639519E+10   3.750000E-01   8.000000E+01   3.000000E+01   1.000000E+00   0.000000E+00   7.453670E-01   1.341621E+00
  1.129542003820E+06   2.416083E+10   3.807151E-01   8.073828E+01   3.073828E+01   1.000000E+00   0.000000E+00   7.454441E-01   1.341482E+00
  1.129831672814E+06   2.209870E+10   3.866134E-01   8.151467E+01   3.151467E+01   1.000000E+00   0.000000E+00   7.455205E-01   1.341345E+00
  1.130118588472E+06   2.032554E+10   3.902439E-01   8.200000E+01   3.200000E+01   1.000000E+00   0.000000E+00   7.455961E-01   1.341209E+00
  1.130399696099E+06   1.886921E+10   3.902439E-01   8.200000E+01   3.200000E+01   1.000000E+00   0.000000E+00   7.456702E-01   1.341075E+00
  1.130674305553E+06   1.751723E+10   3.902439E-01   8.200000E+01   3.200000E+01   1.000000E+00   0.000000E+00   7.457425E-01   1.340945E+00
  1.130942549481E+06   1.626797E+10   3.902439E-01   8.200000E+01   3.200000E+01   1.000000E+00   0.000000E+00   7.458130E-01   1.340818E+00
  1.131204332824E+06   1.512204E+10   3.902439E-01   8.200000E+01   3.200000E+01   1.000000E+00   0.000000E+00   7.458819E-01   1.340695E+00
  1.131459719575E+06   1.405682E+10   3.902439E-01   8.200000E+01   3.200000E+01   1.000000E+00   0.000000E+00   7.459490E-01   1.340574E+00
  1.131708860880E+06   1.306739E+10   3.902439E-01   8.200000E+01   3.200000E+01   1.000000E+00   0.000000E+00   7.460145E-01   1.340456E+00
  1.131951844447E+06   1.215187E+10   3.902439E-01   8.200000E+01   3.200000E+01   1.000000E+00   0.000000E+00   7.460783E-01   1.340342E+00
  1.132188782588E+06   1.130049E+10   3.902439E-01   8.200000E+01   3.200000E+01   1.000000E+00   0.000000E+00   7.461404E-01   1.340230E+00
  1.132419822130E+06   1.050877E+10   3.902439E-01   8.200000E+01   3.200000E+01   1.000000E+00   0.000000E+00   7.462010E-01   1.340121E+00
  1.132645345402E+06   9.751478E+09   3.902439E-01   8.200000E+01   3.200000E+01   1.000000E+00   0.000000E+00   7.462602E-01   1.340015E+00
  1.132865727334E+06   9.048534E+09   3.902439E-01   8.200000E+01   3.200000E+01   1.000000E+00   0.000000E+00   7.463179E-01   1.339911E+00
  1.133081082339E+06   8.396263E+09   3.902439E-01   8.200000E+01   3.200000E+01   1.000000E+00   0.000000E+00   7.463743E-01   1.339810E+00
  1.133292466487E+06   7.710172E+09   3.950420E-01   8.265037E+01   3.265037E+01   1.000000E+00   0.000000E+00   7.464297E-01   1.339711E+00
  1.133501513302E+06   7.068328E+09   4.005147E-01   8.340489E+01   3.340489E+01   1.000000E+00   0.000000E+00   7.464844E-01   1.339613E+00
  1.133708211615E+06   6.497585E+09   4.047619E-01   8.400000E+01   3.400000E+01   1.000000E+00   0.000000E+00   7.465384E-01   1.339516E+00
  1.133910843400E+06   6.033962E+09   4.047619E-01   8.400000E+01   3.400000E+01   1.000000E+00   0.000000E+00   7.465914E-01   1.339421E+00
  1.134108687951E+06   5.603421E+09   4.047619E-01   8.400000E+01   3.400000E+01   1.000000E+00   0.000000E+00   7.466431E-01   1.339328E+00
  1.134301856010E+06   5.203600E+09   4.047619E-01   8.400000E+01   3.400000E+01   1.000000E+00   0.000000E+00   7.466936E-01   1.339237E+00
  1.134490455870E+06   4.832307E+09   4.047619E-01   8.400000E+01   3.400000E+01   1.000000E+00   0.000000E+00   7.467428E-01   1.339149E+00
  1.134674593420E+06   4.487507E+09   4.047619E-01   8.400000E+01   3.400000E+01   1.000000E+00   0.000000E+00   7.467909E-01   1.339063E+00
  1.134854372198E+06   4.167310E+09   4.047619E-01   8.400000E+01   3.400000E+01   1.000000E+00   0.000000E+00   7.468378E-01   1.338979E+00
  1.135029795456E+06   3.874410E+09   4.047619E-01   8.400000E+01   3.400000E+01   1.000000E+00   0.000000E+00   7.468836E-01   1.338897E+00
  1.135200861037E+06   3.602198E+09   4.047619E-01   8.400000E+01   3.400000E+01   1.000000E+00   0.000000E+00   7.469282E-01   1.338817E+00
  1.135367675289E+06   3.349111E+09   4.047619E-01   8.400000E+01   3.400000E+01   1.000000E+00   0.000000E+00   7.469717E-01   1.338739E+00
  1.135530342109E+06   3.113805E+09   4.047619E-01   8.400000E+01   3.400000E+01   1.000000E+00   0.000000E+00   7.470141E-01   1.338663E+00
  1.135688962942E+06   2.895032E+09   4.047619E-01   8.400000E+01   3.400000E+01   1.000000E+00   0.000000E+00   7.470554E-01   1.338589E+00
  1.135843636833E+06   2.691630E+09   4.047619E-01   8.400000E+01   3.400000E+01   1.000000E+00   0.000000E+00   7.470956E-01   1.338517E+00
  1.135994485088E+06   2.501316E+09   4.047619E-01   8.400000E+01   3.400000E+01   1.000000E+00   0.000000E+00   7.471349E-01   1.338446E+00
  1.136141675246E+06   2.323937E+09   4.047619E-01   8.400000E+01   3.400000E+01   1.000000E+00   0.000000E+00   7.471732E-01   1.338378E+00
  1.136285299902E+06   2.159137E+09   4.047619E-01   8.400000E+01   3.400000E+01   1.000000E+00   0.000000E+00   7.472106E-01   1.338311E+00
  1.136425444160E+06   2.006023E+09   4.047619E-01   8.400000E+01   3.400000E+01   1.000000E+00   0.000000E+00   7.472470E-01   1.338246E+00
  1.136562191153E+06   1.863768E+09   4.047619E-01   8.400000E+01   3.400000E+01   1.000000E+00   0.000000E+00   7.472826E-01   1.338182E+00
  1.136695622087E+06   1.731600E+09   4.047619E-01   8.400000E+01   3.400000E+01   1.000000E+00   0.000000E+00   7.473173E-01   1.338120E+00
  1.136825811999E+06   1.609059E+09   4.047619E-01   8.400000E+01   3.400000E+01   1.000000E+00   0.000000E+00   7.473511E-01   1.338059E+00
