  1.000000000000E+00   9.866335E+14   7.663657E-02   1.000000E+00   7.663657E-02   0.000000E+00   9.233634E-01   6.315736E-01   1.000000E+00
  2.371130970001E+05   9.500374E+14   7.604972E-02   1.000000E+00   7.604972E-02   0.000000E+00   9.239503E-01   6.395499E-01   1.017324E+00
  3.319748401327E+05   9.155950E+14   7.550193E-02   1.000000E+00   7.550193E-02   0.000000E+00   9.244981E-01   6.472177E-01   1.034042E+00
  4.024970241371E+05   8.824433E+14   7.495949E-02   1.000000E+00   7.495949E-02   0.000000E+00   9.250405E-01   6.545781E-01   1.050127E+00
  4.601159454016E+05   8.501603E+14   7.443763E-02   1.000000E+00   7.443763E-02   0.000000E+00   9.255624E-01   6.616380E-01   1.065552E+00
  5.093211451947E+05   8.192712E+14   7.400000E-02   1.000000E+00   7.400000E-02   0.000000E+00   9.260000E-01   6.684046E-01   1.080300E+00
  5.523974384091E+05   7.905710E+14   7.400000E-02   1.000000E+00   7.400000E-02   0.000000E+00   9.260000E-01   6.748783E-01   1.094368E+00
  5.907275029854E+05   7.628836E+14   7.396486E-02   1.000000E+00   7.396486E-02   0.000000E+00   9.260351E-01   6.810634E-01   1.107749E+00
  6.252403417981E+05   7.362496E+14   7.351415E-02   1.000000E+00   7.351415E-02   0.000000E+00   9.264858E-01   6.869676E-01   1.120438E+00
  6.565909921409E+05   7.105455E+14   7.306344E-02   1.000000E+00   7.306344E-02   0.000000E+00   9.269366E-01   6.925988E-01   1.132436E+00
  6.852558521634E+05   6.862615E+14   7.264582E-02   1.000000E+00   7.264582E-02   0.000000E+00   9.273542E-01   6.979641E-01   1.143750E+00
  7.115927395576E+05   6.628902E+14   7.223361E-02   1.000000E+00   7.223361E-02   0.000000E+00   9.277664E-01   7.030698E-01   1.154392E+00
  7.358964864603E+05   6.402181E+14   7.183478E-02   1.000000E+00   7.183478E-02   0.000000E+00   9.281652E-01   7.079252E-01   1.164374E+00
  7.584100558669E+05   6.181993E+14   7.145345E-02   1.000000E+00   7.145345E-02   0.000000E+00   9.285466E-01   7.125408E-01   1.173708E+00
  7.793291525756E+05   5.969378E+14   7.107211E-02   1.000000E+00   7.107211E-02   0.000000E+00   9.289279E-01   7.169259E-01   1.182414E+00
  7.988066490255E+05   5.771305E+14   7.044263E-02   1.000000E+00   7.044263E-02   0.000000E+00   9.295574E-01   7.210877E-01   1.190515E+00
  8.169624587492E+05   5.581437E+14   6.975528E-02   1.000000E+00   6.975528E-02   0.000000E+00   9.302447E-01   7.250314E-01   1.198040E+00
  8.339157063096E+05   5.397814E+14   6.906792E-02   1.000000E+00   6.906792E-02   0.000000E+00   9.309321E-01   7.287666E-01   1.205011E+00
  8.497698589499E+05   5.220396E+14   6.843057E-02   1.000000E+00   6.843057E-02   0.000000E+00   9.315694E-01   7.323023E-01   1.211451E+00
  8.646152531291E+05   5.048826E+14   6.779871E-02   1.000000E+00   6.779871E-02   0.000000E+00   9.322013E-01   7.356475E-01   1.217387E+00
  8.785317387824E+05   4.882895E+14   6.716684E-02   1.000000E+00   6.716684E-02   0.000000E+00   9.328332E-01   7.388111E-01   1.222845E+00
  8.915898511221E+05   4.722709E+14   6.658525E-02   1.000000E+00   6.658525E-02   0.000000E+00   9.334147E-01   7.418015E-01   1.227849E+00
  9.038521084110E+05   4.567878E+14   6.602171E-02   1.000000E+00   6.602171E-02   0.000000E+00   9.339783E-01   7.446270E-01   1.232427E+00
  9.153752746534E+05   4.418123E+14   6.545816E-02   1.000000E+00   6.545816E-02   0.000000E+00   9.345418E-01   7.472955E-01   1.236604E+00
  9.262104637567E+05   4.273857E+14   6.486092E-02   1.000000E+00   6.486092E-02   0.000000E+00   9.351391E-01   7.498150E-01   1.240406E+00
  9.363994561760E+05   4.136738E+14   6.411721E-02   1.000000E+00   6.411721E-02   0.000000E+00   9.358828E-01   7.521918E-01   1.243859E+00
  9.459826731184E+05   4.004019E+14   6.337350E-02   1.000000E+00   6.337350E-02   0.000000E+00   9.366265E-01   7.544328E-01   1.246989E+00
  9.549993912895E+05   3.875557E+14   6.262980E-02   1.000000E+00   6.262980E-02   0.000000E+00   9.373702E-01   7.565450E-01   1.249817E+00
  9.634857135484E+05   3.750897E+14   6.186588E-02   1.000000E+00   6.186588E-02   0.000000E+00   9.381341E-01   7.585353E-01   1.252366E+00
  9.714775618821E+05   3.628536E+14   6.099022E-02   1.000000E+00   6.099022E-02   0.000000E+00   9.390098E-01   7.604109E-01   1.254656E+00
  9.790068300168E+05   3.510166E+14   6.011456E-02   1.000000E+00   6.011456E-02   0.000000E+00   9.398854E-01   7.621782E-01   1.256707E+00
  9.861015006453E+05   3.395657E+14   5.923890E-02   1.000000E+00   5.923890E-02   0.000000E+00   9.407611E-01   7.638432E-01   1.258538E+00
  9.927875379153E+05   3.284884E+14   5.836324E-02   1.000000E+00   5.836324E-02   0.000000E+00   9.416368E-01   7.654114E-01   1.260166E+00
  9.990891411556E+05   3.177632E+14   5.744447E-02   1.000000E+00   5.744447E-02   0.000000E+00   9.425555E-01   7.668881E-01   1.261610E+00
  1.005029028585E+06   3.073817E+14   5.649512E-02   1.000000E+00   5.649512E-02   0.000000E+00   9.435049E-01   7.682785E-01   1.262885E+00
  1.010628212021E+06   2.973394E+14   5.554577E-02   1.000000E+00   5.554577E-02   0.000000E+00   9.444542E-01   7.695873E-01   1.264006E+00
  1.015906319543E+06   2.876252E+14   5.459643E-02   1.000000E+00   5.459643E-02   0.000000E+00   9.454036E-01   7.708192E-01   1.264987E+00
  1.020881738814E+06   2.782284E+14   5.364708E-02   1.000000E+00   5.364708E-02   0.000000E+00   9.463529E-01   7.719784E-01   1.265841E+00
  1.025571961699E+06   2.690478E+14   5.263210E-02   1.000000E+00   5.263210E-02   0.000000E+00   9.473679E-01   7.730691E-01   1.266581E+00
  1.029996482297E+06   2.599825E+14   5.147661E-02   1.000000E+00   5.147661E-02   0.000000E+00   9.485234E-01   7.740960E-01   1.267215E+00
  1.034171208149E+06   2.512226E+14   5.032113E-02   1.000000E+00   5.032113E-02   0.000000E+00   9.496789E-01   7.750629E-01   1.267755E+00
  1.038110029057E+06   2.427578E+14   4.916564E-02   1.000000E+00   4.916564E-02   0.000000E+00   9.508344E-01   7.759733E-01   1.268209E+00
  1.041826031579E+06   2.345783E+14   4.801016E-02   1.000000E+00   4.801016E-02   0.000000E+00   9.519898E-01   7.768303E-01   1.268587E+00
  1.045331555734E+06   2.266744E+14   4.685467E-02   1.000000E+00   4.685467E-02   0.000000E+00   9.531453E-01   7.776369E-01   1.268897E+00
  1.048638393790E+06   2.189593E+14   4.576820E-02   1.000000E+00   4.576820E-02   0.000000E+00   9.542318E-01   7.783962E-01   1.269147E+00
  1.051760428823E+06   2.112943E+14   4.487783E-02   1.000000E+00   4.487783E-02   0.000000E+00   9.551222E-01   7.791113E-01   1.269341E+00
  1.054708837116E+06   2.038920E+14   4.398853E-02   1.000000E+00   4.398853E-02   0.000000E+00   9.560115E-01   7.797852E-01   1.269486E+00
  1.057495798307E+06   1.963673E+14   4.317437E-02   1.000000E+00   4.317437E-02   0.000000E+00   9.568256E-01   7.804208E-01   1.269587E+00
  1.060132458075E+06   1.891204E+14   4.236021E-02   1.000000E+00   4.236021E-02   0.000000E+00   9.576398E-01   7.810207E-01   1.269648E+00
  1.062626597414E+06   1.821704E+14   4.156589E-02   1.000000E+00   4.156589E-02   0.000000E+00   9.584341E-01   7.815869E-01   1.269674E+00
  1.064985195883E+06   1.754984E+14   4.078731E-02   1.000000E+00   4.078731E-02   0.000000E+00   9.592127E-01   7.821212E-01   1.269671E+00
  1.067215341926E+06   1.690707E+14   4.000873E-02   1.000000E+00   4.000873E-02   0.000000E+00   9.599913E-01   7.826253E-01   1.269641E+00
  1.069325900577E+06   1.625501E+14   3.926592E-02   1.000000E+00   3.926592E-02   0.000000E+00   9.607341E-01   7.831013E-01   1.269588E+00
  1.071325194256E+06   1.562773E+14   3.852352E-02   1.000000E+00   3.852352E-02   0.000000E+00   9.614765E-01   7.835513E-01   1.269515E+00
  1.073218880427E+06   1.502675E+14   3.778798E-02   1.000000E+00   3.778798E-02   0.000000E+00   9.622120E-01   7.839766E-01   1.269424E+00
  1.075011778461E+06   1.445369E+14   3.706883E-02   1.000000E+00   3.706883E-02   0.000000E+00   9.629312E-01   7.843785E-01   1.269318E+00
  1.076713624203E+06   1.381590E+14   3.635839E-02   1.000000E+00   3.635839E-02   0.000000E+00   9.636416E-01   7.847592E-01   1.269199E+00
  1.078335216960E+06   1.320698E+14   3.541855E-02   1.000000E+00   3.541855E-02   0.000000E+00   9.645815E-01   7.851212E-01   1.269067E+00
  1.079895768755E+06   1.239484E+14   3.503310E-02   4.754953E+02   4.568287E+01   3.646459E-01   6.353541E-01   7.854689E-01   1.268917E+00
  1.081400945682E+06   1.172264E+14   3.438186E-02   3.862715E+02   4.138533E+01   3.209045E-01   6.790955E-01   7.858037E-01   1.268752E+00
  1.082852840957E+06   1.100785E+14   3.392011E-02   3.387851E+02   3.948315E+01   2.910515E-01   7.089485E-01   7.861260E-01   1.268575E+00
  1.084260583581E+06   1.039376E+14   3.350918E-02   3.107679E+02   3.867728E+01   2.692427E-01   7.307573E-01   7.864378E-01   1.268383E+00
  1.085615698703E+06   9.785745E+13   3.316603E-02   2.915263E+02   3.835503E+01   2.520861E-01   7.479139E-01   7.867375E-01   1.268184E+00
  1.086929446264E+06   9.189863E+13   3.289279E-02   2.779838E+02   3.833070E+01   2.385467E-01   7.614533E-01   7.870274E-01   1.267976E+00
  1.088201652998E+06   8.634040E+13   3.264729E-02   2.680378E+02   3.847973E+01   2.274108E-01   7.725892E-01   7.873076E-01   1.267760E+00
  1.089435132964E+06   8.099509E+13   3.243487E-02   2.603935E+02   3.873181E+01   2.180593E-01   7.819407E-01   7.875788E-01   1.267538E+00
  1.090632696045E+06   7.587528E+13   3.238210E-02   2.543917E+02   3.904687E+01   2.109705E-01   7.890295E-01   7.878416E-01   1.267310E+00
  1.091796789096E+06   7.097460E+13   3.241191E-02   2.496258E+02   3.940783E+01   2.053108E-01   7.946892E-01   7.880966E-01   1.267078E+00
  1.092929586901E+06   6.633054E+13   3.245688E-02   2.452242E+02   3.977941E+01   2.000837E-01   7.999163E-01   7.883443E-01   1.266842E+00
  1.094034279814E+06   6.183119E+13   3.254243E-02   2.414686E+02   4.016384E+01   1.956480E-01   8.043520E-01   7.885854E-01   1.266602E+00
  1.095112564104E+06   5.764699E+13   3.261160E-02   2.382886E+02   4.052630E+01   1.917514E-01   8.082486E-01   7.888203E-01   1.266359E+00
  1.096164911944E+06   5.374637E+13   3.267329E-02   2.352107E+02   4.088465E+01   1.879705E-01   8.120295E-01   7.890491E-01   1.266114E+00
  1.097192719604E+06   5.003420E+13   3.296434E-02   2.323876E+02   4.121833E+01   1.858519E-01   8.141481E-01   7.892722E-01   1.265867E+00
  1.098197297202E+06   4.656770E+13   3.325179E-02   2.295823E+02   4.154724E+01   1.837432E-01   8.162568E-01   7.894898E-01   1.265619E+00
  1.099180230534E+06   4.327211E+13   3.350826E-02   2.268997E+02   4.184304E+01   1.817032E-01   8.182968E-01   7.897024E-01   1.265371E+00
  1.100142646754E+06   4.020601E+13   3.378287E-02   2.242361E+02   4.213180E+01   1.798010E-01   8.201990E-01   7.899103E-01   1.265121E+00
  1.101085285415E+06   3.733959E+13   3.414903E-02   2.216684E+02   4.238495E+01   1.785955E-01   8.214045E-01   7.901134E-01   1.264872E+00
  1.102008641424E+06   3.468814E+13   3.452584E-02   2.191420E+02   4.260909E+01   1.775692E-01   8.224308E-01   7.903121E-01   1.264624E+00
  1.102912675837E+06   3.223460E+13   3.491430E-02   2.166559E+02   4.280491E+01   1.767178E-01   8.232822E-01   7.905063E-01   1.264376E+00
  1.103797702081E+06   2.995459E+13   3.531022E-02   2.141698E+02   4.300074E+01   1.758664E-01   8.241336E-01   7.906961E-01   1.264130E+00
  1.104664094411E+06   2.783586E+13   3.571387E-02   2.116837E+02   4.319656E+01   1.750150E-01   8.249850E-01   7.908817E-01   1.263886E+00
  1.105512194754E+06   2.586855E+13   3.622177E-02   2.093220E+02   4.332578E+01   1.750000E-01   8.250000E-01   7.910630E-01   1.263643E+00
  1.106342337554E+06   2.404031E+13   3.674297E-02   2.069625E+02   4.345382E+01   1.750000E-01   8.250000E-01   7.912401E-01   1.263404E+00
  1.107154877908E+06   2.234127E+13   3.727620E-02   2.046030E+02   4.358185E+01   1.750000E-01   8.250000E-01   7.914133E-01   1.263167E+00
  1.107950141496E+06   2.076998E+13   3.783119E-02   2.022729E+02   4.370234E+01   1.750987E-01   8.249013E-01   7.915825E-01   1.262932E+00
  1.108727310039E+06   1.934799E+13   3.845019E-02   2.001022E+02   4.378180E+01   1.757344E-01   8.242656E-01   7.917476E-01   1.262702E+00
  1.109486122799E+06   1.802335E+13   3.908328E-02   1.979314E+02   4.386125E+01   1.763700E-01   8.236300E-01   7.919086E-01   1.262475E+00
  1.110226986789E+06   1.678921E+13   3.973155E-02   1.957623E+02   4.394038E+01   1.770112E-01   8.229888E-01   7.920655E-01   1.262251E+00
  1.110950787328E+06   1.561900E+13   4.046445E-02   1.937682E+02   4.398307E+01   1.782669E-01   8.217331E-01   7.922186E-01   1.262032E+00
  1.111658356112E+06   1.453035E+13   4.121315E-02   1.917742E+02   4.402577E+01   1.795226E-01   8.204774E-01   7.923681E-01   1.261816E+00
  1.112350034509E+06   1.351759E+13   4.197815E-02   1.897801E+02   4.406846E+01   1.807783E-01   8.192217E-01   7.925140E-01   1.261604E+00
  1.113026157298E+06   1.257565E+13   4.276326E-02   1.877921E+02   4.411036E+01   1.820571E-01   8.179429E-01   7.926564E-01   1.261396E+00
  1.113686811720E+06   1.170728E+13   4.368421E-02   1.860225E+02   4.412356E+01   1.841702E-01   8.158298E-01   7.927954E-01   1.261191E+00
  1.114332117099E+06   1.089888E+13   4.462315E-02   1.842528E+02   4.413677E+01   1.862832E-01   8.137168E-01   7.929310E-01   1.260991E+00
  1.114962409522E+06   1.014630E+13   4.558061E-02   1.824831E+02   4.414998E+01   1.883963E-01   8.116037E-01   7.930632E-01   1.260795E+00
  1.115578020225E+06   9.445469E+12   4.660618E-02   1.807576E+02   4.416000E+01   1.907704E-01   8.092296E-01   7.931923E-01   1.260602E+00
  1.116179309842E+06   8.792433E+12   4.780662E-02   1.791711E+02   4.416000E+01   1.939666E-01   8.060334E-01   7.933181E-01   1.260414E+00
  1.116766609090E+06   8.184546E+12   4.902850E-02   1.775846E+02   4.416000E+01   1.971628E-01   8.028372E-01   7.934409E-01   1.260229E+00
  1.117340225942E+06   7.618687E+12   5.027241E-02   1.759982E+02   4.416000E+01   2.003590E-01   7.996410E-01   7.935607E-01   1.260048E+00
  1.117900581995E+06   7.088137E+12   5.164436E-02   1.745440E+02   4.414726E+01   2.041851E-01   7.958149E-01   7.936776E-01   1.259871E+00
  1.118448211227E+06   6.593644E+12   5.306507E-02   1.731230E+02   4.413132E+01   2.081692E-01   7.918308E-01   7.937917E-01   1.259698E+00
  1.118983394942E+06   6.133649E+12   5.450856E-02   1.717020E+02   4.411539E+01   2.121533E-01   7.878467E-01   7.939031E-01   1.259528E+00
  1.119506402262E+06   5.705291E+12   5.598976E-02   1.702860E+02   4.409926E+01   2.162002E-01   7.837998E-01   7.940119E-01   1.259362E+00
  1.120018121758E+06   5.295056E+12   5.789858E-02   1.690094E+02   4.407789E+01   2.220026E-01   7.779974E-01   7.941182E-01   1.259200E+00
  1.120519324190E+06   4.914319E+12   5.983496E-02   1.677329E+02   4.405651E+01   2.278050E-01   7.721950E-01   7.942222E-01   1.259040E+00
  1.121010214121E+06   4.560958E+12   6.179956E-02   1.664564E+02   4.403513E+01   2.336074E-01   7.663926E-01   7.943239E-01   1.258884E+00
  1.121491268740E+06   4.226584E+12   6.407428E-02   1.652657E+02   4.401059E+01   2.406076E-01   7.593924E-01   7.944235E-01   1.258730E+00
  1.121963317833E+06   3.914845E+12   6.646884E-02   1.641022E+02   4.398505E+01   2.479861E-01   7.520139E-01   7.945212E-01   1.258579E+00
  1.122426547750E+06   3.626099E+12   6.889529E-02   1.629386E+02   4.395951E+01   2.553647E-01   7.446353E-01   7.946170E-01   1.258431E+00
  1.122881176022E+06   3.354681E+12   7.150959E-02   1.617957E+02   4.393242E+01   2.633578E-01   7.366422E-01   7.947108E-01   1.258286E+00
  1.123328874605E+06   3.091738E+12   7.466192E-02   1.607193E+02   4.390034E+01   2.733375E-01   7.266625E-01   7.948032E-01   1.258143E+00
  1.123770387441E+06   2.849404E+12   7.785274E-02   1.596429E+02   4.386827E+01   2.833173E-01   7.166827E-01   7.948942E-01   1.258002E+00
  1.124205966809E+06   2.621192E+12   8.141118E-02   1.585972E+02   4.383689E+01   2.945371E-01   7.054629E-01   7.949839E-01   1.257862E+00
  1.124637069528E+06   2.405342E+12   8.544809E-02   1.575922E+02   4.380643E+01   3.073966E-01   6.926034E-01   7.950726E-01   1.257724E+00
  1.125064036444E+06   2.207267E+12   8.953182E-02   1.565871E+02   4.377597E+01   3.202562E-01   6.797438E-01   7.951604E-01   1.257587E+00
  1.125487367213E+06   2.016163E+12   9.433199E-02   1.555809E+02   4.374298E+01   3.355112E-01   6.644888E-01   7.952474E-01   1.257452E+00
  1.125910154729E+06   1.832243E+12   9.992943E-02   1.545736E+02   4.370718E+01   3.534077E-01   6.465923E-01   7.953342E-01   1.257316E+00
  1.126333578215E+06   1.655856E+12   1.065033E-01   1.535755E+02   4.366878E+01   3.745534E-01   6.254466E-01   7.954210E-01   1.257180E+00
  1.126761053844E+06   1.488774E+12   1.139979E-01   1.525858E+02   4.362797E+01   3.986998E-01   6.013002E-01   7.955086E-01   1.257043E+00
  1.127193156909E+06   1.338551E+12   1.215774E-01   1.515962E+02   4.358716E+01   4.228462E-01   5.771538E-01   7.955970E-01   1.256905E+00
  1.127631057200E+06   1.192985E+12   1.310374E-01   1.506094E+02   4.354623E+01   4.532073E-01   5.467927E-01   7.956866E-01   1.256765E+00
  1.128079853306E+06   1.056508E+12   1.419145E-01   1.496249E+02   4.350520E+01   4.880782E-01   5.119218E-01   7.957783E-01   1.256621E+00
  1.128542081947E+06   9.251982E+11   1.553821E-01   1.485771E+02   4.346125E+01   5.311910E-01   4.688090E-01   7.958727E-01   1.256473E+00
  1.129026015355E+06   7.979181E+11   1.721798E-01   1.474867E+02   4.340712E+01   5.850243E-01   4.149757E-01   7.959714E-01   1.256318E+00
  1.129540006220E+06   6.776623E+11   1.931349E-01   1.463572E+02   4.335777E+01   6.519405E-01   3.480595E-01   7.960761E-01   1.256153E+00
  1.130096432832E+06   5.619023E+11   2.209967E-01   1.451102E+02   4.329612E+01   7.406872E-01   2.593128E-01   7.961894E-01   1.255975E+00
  1.130712707151E+06   4.571359E+11   2.559858E-01   1.437528E+02   4.323161E+01   8.511985E-01   1.488015E-01   7.963147E-01   1.255778E+00
  1.131404728374E+06   3.707016E+11   2.949976E-01   1.422009E+02   4.314204E+01   9.723442E-01   2.765576E-02   7.964552E-01   1.255557E+00
  1.132145937654E+06   3.334798E+11   3.154792E-01   1.218160E+02   3.843042E+01   1.000000E+00   0.000000E+00   7.966054E-01   1.255321E+00
  1.132880596597E+06   3.067458E+11   3.205757E-01   1.206904E+02   3.869041E+01   1.000000E+00   0.000000E+00   7.967542E-01   1.255087E+00
  1.133607195899E+06   2.820711E+11   3.246705E-01   1.214222E+02   3.942221E+01   1.000000E+00   0.000000E+00   7.969010E-01   1.254856E+00
  1.134325629801E+06   2.600241E+11   3.278689E-01   1.220000E+02   4.000000E+01   1.000000E+00   0.000000E+00   7.970460E-01   1.254629E+00
  1.135030448776E+06   2.419365E+11   3.278689E-01   1.220000E+02   4.000000E+01   1.000000E+00   0.000000E+00   7.971881E-01   1.254405E+00
  1.135719349368E+06   2.251071E+11   3.278689E-01   1.220000E+02   4.000000E+01   1.000000E+00   0.000000E+00   7.973267E-01   1.254188E+00
  1.136392677293E+06   2.092470E+11   3.281682E-01   1.220544E+02   4.005435E+01   1.000000E+00   0.000000E+00   7.974621E-01   1.253975E+00
  1.137060083704E+06   1.896265E+11   3.362700E-01   1.235442E+02   4.154422E+01   1.000000E+00   0.000000E+00   7.975961E-01   1.253765E+00
  1.137729047329E+06   1.723770E+11   3.404577E-01   9.357598E+01   3.185866E+01   1.000000E+00   0.000000E+00   7.977301E-01   1.253554E+00
  1.138396906714E+06   1.573412E+11   3.461274E-01   7.646749E+01   2.646749E+01   1.000000E+00   0.000000E+00   7.978638E-01   1.253344E+00
  1.139061267508E+06   1.438811E+11   3.527332E-01   7.724790E+01   2.724790E+01   1.000000E+00   0.000000E+00   7.979967E-01   1.253136E+00
  1.139721890370E+06   1.316582E+11   3.589744E-01   7.800000E+01   2.800000E+01   1.000000E+00   0.000000E+00   7.981286E-01   1.252929E+00
  1.140372525780E+06   1.225787E+11   3.589744E-01   7.800000E+01   2.800000E+01   1.000000E+00   0.000000E+00   7.982583E-01   1.252726E+00
  1.141007972860E+06   1.141254E+11   3.589744E-01   7.800000E+01   2.800000E+01   1.000000E+00   0.000000E+00   7.983848E-01   1.252527E+00
  1.141628563891E+06   1.062550E+11   3.589744E-01   7.800000E+01   2.800000E+01   1.000000E+00   0.000000E+00   7.985083E-01   1.252334E+00
  1.142235088699E+06   9.874493E+10   3.589744E-01   7.800000E+01   2.800000E+01   1.000000E+00   0.000000E+00   7.986287E-01   1.252145E+00
  1.142828686389E+06   9.173191E+10   3.589744E-01   7.800000E+01   2.800000E+01   1.000000E+00   0.000000E+00   7.987465E-01   1.251960E+00
  1.143409632867E+06   8.521696E+10   3.589744E-01   7.800000E+01   2.800000E+01   1.000000E+00   0.000000E+00   7.988616E-01   1.251780E+00
  1.143977984126E+06   7.924460E+10   3.589744E-01   7.800000E+01   2.800000E+01   1.000000E+00   0.000000E+00   7.989741E-01   1.251604E+00
  1.144533417832E+06   7.372402E+10   3.589744E-01   7.800000E+01   2.800000E+01   1.000000E+00   0.000000E+00   7.990840E-01   1.251432E+00
  1.145076173039E+06   6.858803E+10   3.589744E-01   7.800000E+01   2.800000E+01   1.000000E+00   0.000000E+00   7.991912E-01   1.251264E+00
  1.145606568957E+06   6.378819E+10   3.589744E-01   7.800000E+01   2.800000E+01   1.000000E+00   0.000000E+00   7.992958E-01   1.251101E+00
  1.146125130837E+06   5.930483E+10   3.589744E-01   7.800000E+01   2.800000E+01   1.000000E+00   0.000000E+00   7.993980E-01   1.250941E+00
  1.146632149799E+06   5.513659E+10   3.589744E-01   7.800000E+01   2.800000E+01   1.000000E+00   0.000000E+00   7.994978E-01   1.250785E+00
  1.147128285735E+06   5.099684E+10   3.610408E-01   7.825226E+01   2.825226E+01   1.000000E+00   0.000000E+00   7.995954E-01   1.250632E+00
  1.147619305556E+06   4.666983E+10   3.672666E-01   7.902222E+01   2.902222E+01   1.000000E+00   0.000000E+00   7.996919E-01   1.250481E+00
  1.148106998817E+06   4.270996E+10   3.733722E-01   7.979219E+01   2.979219E+01   1.000000E+00   0.000000E+00   7.997876E-01   1.250331E+00
  1.148589276432E+06   3.955788E+10   3.750000E-01   8.000000E+01   3.000000E+01   1.000000E+00   0.000000E+00   7.998822E-01   1.250184E+00
  1.149060758911E+06   3.680131E+10   3.750000E-01   8.000000E+01   3.000000E+01   1.000000E+00   0.000000E+00   7.999746E-01   1.250039E+00
  1.149521398071E+06   3.423683E+10   3.750000E-01   8.000000E+01   3.000000E+01   1.000000E+00   0.000000E+00   8.000648E-01   1.249898E+00
  1.149971431316E+06   3.185123E+10   3.750000E-01   8.000000E+01   3.000000E+01   1.000000E+00   0.000000E+00   8.001528E-01   1.249761E+00
  1.150411088557E+06   2.963200E+10   3.750000E-01   8.000000E+01   3.000000E+01   1.000000E+00   0.000000E+00   8.002387E-01   1.249627E+00
  1.150840598221E+06   2.756740E+10   3.750000E-01   8.000000E+01   3.000000E+01   1.000000E+00   0.000000E+00   8.003225E-01   1.249496E+00
  1.151260570709E+06   2.551043E+10   3.770655E-01   8.026526E+01   3.026526E+01   1.000000E+00   0.000000E+00   8.004045E-01   1.249368E+00
  1.151675793189E+06   2.337290E+10   3.829204E-01   8.102682E+01   3.102682E+01   1.000000E+00   0.000000E+00   8.004854E-01   1.249242E+00
  1.152087654739E+06   2.141446E+10   3.886662E-01   8.178838E+01   3.178838E+01   1.000000E+00   0.000000E+00   8.005656E-01   1.249117E+00
  1.152494635903E+06   1.982784E+10   3.902439E-01   8.200000E+01   3.200000E+01   1.000000E+00   0.000000E+00   8.006448E-01   1.248993E+00
  1.152892699919E+06   1.843332E+10   3.902439E-01   8.200000E+01   3.200000E+01   1.000000E+00   0.000000E+00   8.007222E-01   1.248872E+00
  1.153281813248E+06   1.713688E+10   3.902439E-01   8.200000E+01   3.200000E+01   1.000000E+00   0.000000E+00   8.007978E-01   1.248755E+00
  1.153662093254E+06   1.594309E+10   3.902439E-01   8.200000E+01   3.200000E+01   1.000000E+00   0.000000E+00   8.008716E-01   1.248639E+00
  1.154033378349E+06   1.484072E+10   3.902439E-01   8.200000E+01   3.200000E+01   1.000000E+00   0.000000E+00   8.009437E-01   1.248527E+00
  1.154395829765E+06   1.381458E+10   3.902439E-01   8.200000E+01   3.200000E+01   1.000000E+00   0.000000E+00   8.010139E-01   1.248418E+00
  1.154749640893E+06   1.286127E+10   3.902439E-01   8.200000E+01   3.200000E+01   1.000000E+00   0.000000E+00   8.010825E-01   1.248311E+00
  1.155094910299E+06   1.197679E+10   3.902439E-01   8.200000E+01   3.200000E+01   1.000000E+00   0.000000E+00   8.011493E-01   1.248207E+00
  1.155431809937E+06   1.115314E+10   3.902439E-01   8.200000E+01   3.200000E+01   1.000000E+00   0.000000E+00   8.012145E-01   1.248105E+00
  1.155760544131E+06   1.038274E+10   3.902439E-01   8.200000E+01   3.200000E+01   1.000000E+00   0.000000E+00   8.012780E-01   1.248006E+00
  1.156081736252E+06   9.648060E+09   3.902439E-01   8.200000E+01   3.200000E+01   1.000000E+00   0.000000E+00   8.013401E-01   1.247910E+00
  1.156395795426E+06   8.965370E+09   3.902439E-01   8.200000E+01   3.200000E+01   1.000000E+00   0.000000E+00   8.014007E-01   1.247815E+00
  1.156702875062E+06   8.330987E+09   3.902439E-01   8.200000E+01   3.200000E+01   1.000000E+00   0.000000E+00   8.014600E-01   1.247723E+00
  1.157004785829E+06   7.653269E+09   3.955123E-01   8.271467E+01   3.271467E+01   1.000000E+00   0.000000E+00   8.015182E-01   1.247632E+00
  1.157303499886E+06   7.027816E+09   4.008732E-01   8.345478E+01   3.345478E+01   1.000000E+00   0.000000E+00   8.015758E-01   1.247543E+00
  1.157598922169E+06   6.475000E+09   4.047619E-01   8.400000E+01   3.400000E+01   1.000000E+00   0.000000E+00   8.016327E-01   1.247454E+00
  1.157888539513E+06   6.021494E+09   4.047619E-01   8.400000E+01   3.400000E+01   1.000000E+00   0.000000E+00   8.016884E-01   1.247367E+00
  1.158171485545E+06   5.599752E+09   4.047619E-01   8.400000E+01   3.400000E+01   1.000000E+00   0.000000E+00   8.017429E-01   1.247283E+00
  1.158447909746E+06   5.207548E+09   4.047619E-01   8.400000E+01   3.400000E+01   1.000000E+00   0.000000E+00   8.017960E-01   1.247200E+00
  1.158717958441E+06   4.842814E+09   4.047619E-01   8.400000E+01   3.400000E+01   1.000000E+00   0.000000E+00   8.018479E-01   1.247119E+00
  1.158981774859E+06   4.503626E+09   4.047619E-01   8.400000E+01   3.400000E+01   1.000000E+00   0.000000E+00   8.018986E-01   1.247040E+00
  1.159239499186E+06   4.188195E+09   4.047619E-01   8.400000E+01   3.400000E+01   1.000000E+00   0.000000E+00   8.019481E-01   1.246964E+00
  1.159491149605E+06   3.898937E+09   4.047619E-01   8.400000E+01   3.400000E+01   1.000000E+00   0.000000E+00   8.019964E-01   1.246888E+00
  1.159736699769E+06   3.630048E+09   4.047619E-01   8.400000E+01   3.400000E+01   1.000000E+00   0.000000E+00   8.020435E-01   1.246815E+00
  1.159976292961E+06   3.379702E+09   4.047619E-01   8.400000E+01   3.400000E+01   1.000000E+00   0.000000E+00   8.020894E-01   1.246744E+00
  1.160210070543E+06   3.146621E+09   4.047619E-01   8.400000E+01   3.400000E+01   1.000000E+00   0.000000E+00   8.021342E-01   1.246674E+00
  1.160438170675E+06   2.929615E+09   4.047619E-01   8.400000E+01   3.400000E+01   1.000000E+00   0.000000E+00   8.021779E-01   1.246606E+00
  1.160660728381E+06   2.727574E+09   4.047619E-01   8.400000E+01   3.400000E+01   1.000000E+00   0.000000E+00   8.022205E-01   1.246540E+00
  1.160877892529E+06   2.538607E+09   4.047619E-01   8.400000E+01   3.400000E+01   1.000000E+00   0.000000E+00   8.022620E-01   1.246476E+00
  1.161089903005E+06   2.361898E+09   4.047619E-01   8.400000E+01   3.400000E+01   1.000000E+00   0.000000E+00   8.023026E-01   1.246413E+00
  1.161296897528E+06   2.197490E+09   4.047619E-01   8.400000E+01   3.400000E+01   1.000000E+00   0.000000E+00   8.023422E-01   1.246351E+00
  1.161498992482E+06   2.044526E+09   4.047619E-01   8.400000E+01   3.400000E+01   1.000000E+00   0.000000E+00   8.023808E-01   1.246291E+00
  1.161696301662E+06   1.902210E+09   4.047619E-01   8.400000E+01   3.400000E+01   1.000000E+00   0.000000E+00   8.024185E-01   1.246232E+00
  1.161888936320E+06   1.769800E+09   4.047619E-01   8.400000E+01   3.400000E+01   1.000000E+00   0.000000E+00   8.024553E-01   1.246175E+00
  1.162077004871E+06   1.646675E+09   4.047619E-01   8.400000E+01   3.400000E+01   1.000000E+00   0.000000E+00   8.024912E-01   1.246120E+00
  1.162260573588E+06   1.532610E+09   4.047619E-01   8.400000E+01   3.400000E+01   1.000000E+00   0.000000E+00   8.025262E-01   1.246065E+00
  1.162439722580E+06   1.426446E+09   4.047619E-01   8.400000E+01   3.400000E+01   1.000000E+00   0.000000E+00   8.025604E-01   1.246012E+00
  1.162614556523E+06   1.327637E+09   4.047619E-01   8.400000E+01   3.400000E+01   1.000000E+00   0.000000E+00   8.025937E-01   1.245960E+00
